0 0 0 0
5 -3 2 7
5 -3 2 7
19 22 43 50
32258 32258 32258 32258
32768 32768 32768 32768
128 -127 128 -127
35 -40 55 -60
0 0 0 0
42 0 0 32
9810 13791 60 -432
11384 2232 11236 3204
-12158 -4778 -11393 -4103
-4298 2737 4272 -2018
9005 -7799 -6141 8873
-1170 -5280 1290 8544
2529 -5219 6234 4682
-1228 -2427 3812 -9960
-7720 -396 -2656 1430
3684 -874 -5675 420
-5217 -3544 -5201 -4290
-3522 -5128 -4172 -168
-3149 -16041 -6432 -19143
-1924 -5748 4420 -3060
-3348 3807 2812 -3663
-1822 -446 2551 911
9717 5616 8609 5032
-8534 4825 -4054 1097
-5911 -6200 -7771 -10080
5939 -2842 2943 1188
