0 0 0 0 0 0 0 0
1 0 0 1 5 -3 2 7
5 -3 2 7 1 0 0 1
-1 -2 -3 -4 -5 -6 -7 -8
127 127 127 127 127 127 127 127
-128 -128 -128 -128 -128 -128 -128 -128
127 -128 127 -128 -128 127 -128 127
-5 10 -15 20 3 -4 5 -6
1 -1 1 -1 1 1 1 1
0 -7 8 0 0 4 -6 0
-71 -116 12 -3 -14 -57 -76 -84
88 -112 -113 -81 -17 -9 -115 -27
86 -16 101 14 -125 -47 88 46
14 -49 -18 44 -76 -81 66 -79
55 48 7 -106 107 -65 65 -88
22 57 -30 -93 -105 -12 20 -88
-9 -77 66 14 104 58 -45 61
53 -21 8 -92 -41 -3 -45 108
66 10 -16 38 -100 -11 -112 33
77 9 -95 -20 33 -20 127 74
106 -55 7 -57 -2 6 91 76
57 -16 -58 124 -82 -104 -72 -50
-47 88 -96 69 67 111 0 -123
-70 8 46 -71 22 94 -48 104
-127 6 -37 -74 24 -27 -50 63
-46 -128 37 122 -119 -71 57 29
-6 -99 -5 -88 -85 120 -93 -64
-63 115 -44 7 88 -20 -26 31
76 63 96 103 -67 -2 -13 -96
45 -118 -11 -16 -125 -92 -98 -11
